model	albumin	arm_fatfree_mass_L	arm_fatfree_mass_R	bmi	calcium	creatinine	diastolicBP_auto	eosinophil_perc	FVC_best	HbA1c	height	hip_circ	IGF1	lymphocyte_perc	protein_total	pulse_rate	RBC_count	SHBG	systolicBP_auto	testosterone	urate	urea	waist_circ	waist_to_hip	weight	whole_body_fat_mass	wth_bmi_adj
add	0.039243987	0.022019404	0.021538223	0.043987445	0.031791194	0.00693939	0.018405257	0.047880619	0.021715451	0.024869944	0.09639235	0.029492123	0.080857103	0.043383499	0.039205858	0.035932826	0.053770483	0.073197597	0.014572774	0.006749341	0.057665003	0.020716668	0.027936864	0.014019449	0.038292105	0.045085038	0.018143734
add	0.033733507	0.024009436	0.021061051	0.055189486	0.036902652	0.010107059	0.014157416	0.049019282	0.018346109	0.02961571	0.097925815	0.038191208	0.064832396	0.048219167	0.032567576	0.031805321	0.065089306	0.072847427	0.017773234	0.006527227	0.046864711	0.027215506	0.03642108	0.015308164	0.041149865	0.038152939	0.01624879
add	0.042033028	0.02394149	0.014624656	0.053622921	0.04143472	0.010967608	0.016849029	0.036351824	0.020855728	0.023294604	0.088025615	0.036663538	0.073737031	0.055564966	0.038398417	0.038845529	0.060237942	0.060744739	0.02400005	0.006337659	0.057830435	0.025775784	0.033542553	0.018091791	0.046702098	0.039753723	0.015522813
add	0.039618084	0.02201631	0.02211695	0.046827455	0.038548916	0.010993681	0.017067888	0.048478083	0.016114239	0.026029927	0.092923557	0.040461226	0.071989118	0.058591391	0.030007233	0.030324466	0.063249793	0.069384982	0.022076017	0.006587159	0.052902158	0.023293755	0.029484631	0.015388446	0.042412656	0.040460256	0.01484527
add	0.03846691	0.021180122	0.01812094	0.050660735	0.037526997	0.007083282	0.015455891	0.042645542	0.024303556	0.026670717	0.094163086	0.033183999	0.067191904	0.049155876	0.033351922	0.030748878	0.069280964	0.068751352	0.015025953	0.005022397	0.052384647	0.019305887	0.026236996	0.016827001	0.045758774	0.042788828	0.012371043
add	0.040391551	0.022178918	0.019364557	0.044982201	0.040647568	0.012663549	0.019409941	0.047435128	0.020572969	0.027224652	0.096611689	0.033906281	0.067262139	0.059204097	0.037192933	0.032753674	0.062142412	0.067411851	0.017257272	0.006861481	0.050634078	0.021702644	0.02928418	0.015317804	0.042348683	0.036987793	0.013504397
add	0.033074669	0.022518872	0.020613213	0.04829628	0.036803214	0.012740677	0.012545486	0.04891396	0.018799904	0.025217432	0.094669426	0.037828859	0.07824796	0.054689388	0.032145311	0.036589752	0.056226513	0.061058591	0.017472475	0.006239667	0.051283196	0.023816035	0.028283895	0.014649994	0.048771875	0.040439154	0.016092507
add	0.042187771	0.018953763	0.018889585	0.046738931	0.044101073	0.009949597	0.019095663	0.04698345	0.019670593	0.037148335	0.101284492	0.030035689	0.060171748	0.048690001	0.030262431	0.026778907	0.059423403	0.060256795	0.016877351	0.006412218	0.057686951	0.019988718	0.030992026	0.015054367	0.049805479	0.042229067	0.014905531
add	0.044816843	0.021532897	0.018807621	0.048555988	0.039278284	0.007306176	0.018360568	0.031910634	0.018535667	0.019540423	0.099071478	0.033588732	0.073468075	0.059913064	0.029521189	0.028100883	0.058749201	0.066188472	0.015673178	0.006834141	0.052799959	0.027028208	0.02777714	0.015215489	0.046705283	0.046766489	0.015442662
add	0.03788807	0.021322247	0.014898972	0.05494239	0.042847007	0.006833184	0.017019873	0.042641226	0.021327337	0.027076472	0.092131127	0.035275779	0.05882919	0.0584479	0.037413682	0.02911357	0.062088697	0.067383763	0.018978647	0.005815917	0.048369174	0.023043035	0.027388575	0.014178588	0.040111488	0.03687952	0.014351735
add	0.041007667	0.018263542	0.020374392	0.04838502	0.035341599	0.013950596	0.017468932	0.047547554	0.022391709	0.028299911	0.092886147	0.036312956	0.066903213	0.050680783	0.034849879	0.037584017	0.064129768	0.070954298	0.019899037	0.005023355	0.053815578	0.024373854	0.031589688	0.013751138	0.050834881	0.040211837	0.013594643
add	0.039279308	0.018644775	0.019201315	0.045534076	0.043818962	0.017034312	0.013719702	0.045470627	0.019371214	0.024480632	0.095708698	0.039577076	0.074817004	0.05105608	0.036994652	0.032087877	0.06469503	0.066812896	0.02041646	0.006158049	0.052643648	0.024319026	0.029265223	0.015700058	0.042486049	0.044061306	0.014882672
add	0.046560887	0.020166826	0.018286565	0.052813051	0.040818689	0.010461545	0.0182655	0.048318419	0.019858822	0.026571162	0.103271515	0.028898454	0.066298197	0.056404901	0.033588261	0.028748511	0.060591278	0.069515996	0.01983836	0.007059996	0.053593938	0.023218665	0.028531891	0.017083471	0.044853831	0.037884151	0.01447355
add	0.040870399	0.020707012	0.019670609	0.048299053	0.033208956	0.007850817	0.014218003	0.045776429	0.019908537	0.0292963	0.108070716	0.036544613	0.071167482	0.048962362	0.031659824	0.033455275	0.061430071	0.066401985	0.014769786	0.006281057	0.046589874	0.021900259	0.025996111	0.01538708	0.04842406	0.039294909	0.011579614
add	0.039879543	0.021890893	0.018402501	0.051645337	0.033609385	0.009045145	0.015995217	0.045434756	0.023495601	0.030391637	0.088252833	0.032323976	0.073878125	0.043933069	0.028627526	0.030820343	0.063394003	0.072031821	0.01762173	0.005905297	0.055343304	0.020539628	0.030654424	0.015135726	0.040418183	0.037250094	0.014499684
add	0.040004756	0.024605935	0.020124851	0.055058929	0.03971491	0.00471085	0.018598947	0.048705039	0.018881768	0.024857067	0.092370428	0.039672569	0.073585934	0.058165263	0.035973744	0.03122585	0.064935475	0.069828832	0.019980888	0.005028596	0.061661089	0.019891229	0.029601429	0.019459664	0.050834154	0.038591957	0.013027846
add	0.039459315	0.020929204	0.021008132	0.040313491	0.043664229	0.008790328	0.016400012	0.055696069	0.018843197	0.033607112	0.092109261	0.036731121	0.066703619	0.052096736	0.036211962	0.035720228	0.059675703	0.075903694	0.020126964	0.006115114	0.055743544	0.020845814	0.025540377	0.017125555	0.047576059	0.040807236	0.014360444
add	0.038509128	0.021421861	0.019367066	0.044134486	0.037613598	0.006191396	0.017796137	0.048920634	0.018870952	0.031378899	0.099850482	0.04114307	0.071577949	0.055091624	0.038685057	0.031969329	0.051363554	0.063014278	0.023663746	0.005651346	0.05591047	0.018982766	0.030528638	0.01645005	0.051480951	0.030456268	0.013222247
add	0.040555649	0.02192011	0.0193118	0.0475419	0.037892245	0.012775256	0.017316711	0.043529627	0.019470939	0.021248575	0.096476414	0.041905698	0.068743396	0.043882449	0.034489137	0.028717315	0.073499095	0.065748523	0.018082507	0.006379754	0.053711447	0.02199119	0.030812055	0.012499868	0.040511301	0.041380843	0.015584747
add	0.033732843	0.02090057	0.022059091	0.043127887	0.039804861	0.011731481	0.015284856	0.03782548	0.019999904	0.023127786	0.100589761	0.036258509	0.077778665	0.054662023	0.034068637	0.036149109	0.057945991	0.080420215	0.015849133	0.005344242	0.043779876	0.020079658	0.029654922	0.011932242	0.051623611	0.045728762	0.013922177
mash	0.039869122	0.024315663	0.024331865	0.057983095	0.034065857	0.002986372	0.021344649	0.046494906	0.027023795	0.023435906	0.116620551	0.037393475	0.089990096	0.042524378	0.046811707	0.034404587	0.056276676	0.077711171	0.015959379	0.013287205	0.06049059	0.019270896	0.032412614	0.019400905	0.053649934	0.068081371	0.023499628
mash	0.032132708	0.024387673	0.028864616	0.070340466	0.035117938	0.005467391	0.026642225	0.050422777	0.025656284	0.025257029	0.114927288	0.057623735	0.071221655	0.046001092	0.037651916	0.028942304	0.064508508	0.074644141	0.01994474	0.011679852	0.04904954	0.023003538	0.034737305	0.020171038	0.06078958	0.065463718	0.02401111
mash	0.038764049	0.025802244	0.022705343	0.075941126	0.039153645	0.006511558	0.01785762	0.039329671	0.026045851	0.017189056	0.107801573	0.061162565	0.081521193	0.056397309	0.05020178	0.038487644	0.060712426	0.060248118	0.017773564	0.01238358	0.062841705	0.02525485	0.032812583	0.024512256	0.06546187	0.063991404	0.022123574
mash	0.038708861	0.02384451	0.030449175	0.061401852	0.040177285	0.007193648	0.02106406	0.05060967	0.02288625	0.021921433	0.115058641	0.054702481	0.078174182	0.05613896	0.03371345	0.030501692	0.065721174	0.07379939	0.022194496	0.013400205	0.057649057	0.020658446	0.031017882	0.021466204	0.059903278	0.063763389	0.020160539
mash	0.036923792	0.026758902	0.024801374	0.077056374	0.038545954	0.006107499	0.017757716	0.041392269	0.034314455	0.023095144	0.112637852	0.055345756	0.078213357	0.050089644	0.033619808	0.031172475	0.066753861	0.068727883	0.017540923	0.010062207	0.055616194	0.018071372	0.029533328	0.018917477	0.065897944	0.065463796	0.018500115
mash	0.038501005	0.023548605	0.029397837	0.061106074	0.040973839	0.003434213	0.019798581	0.044191105	0.025591622	0.021935719	0.109227142	0.058040701	0.069726198	0.058904843	0.040566223	0.032832106	0.060418622	0.07095758	0.017996994	0.013908568	0.053879897	0.018930476	0.031259468	0.019413871	0.057061222	0.056918202	0.019686048
mash	0.033677871	0.024205654	0.025928325	0.071318863	0.036434973	0.007003873	0.016590888	0.048366781	0.023934104	0.027158631	0.109035884	0.059881709	0.079626624	0.052111544	0.038190461	0.034245386	0.060570015	0.061776584	0.01876934	0.012710211	0.057571518	0.023317843	0.029495725	0.017342039	0.067606693	0.063928295	0.023755631
mash	0.041168376	0.022708056	0.027777184	0.06996826	0.042011481	0.005283754	0.022497717	0.047114121	0.021965947	0.02915133	0.121015268	0.046050502	0.066037413	0.045897398	0.034658355	0.026758936	0.061424129	0.06074016	0.02683513	0.012395643	0.061629405	0.019790359	0.039031681	0.016599524	0.069656047	0.061371473	0.020069864
mash	0.041263026	0.026603302	0.029075141	0.077500581	0.03677454	0.003912432	0.017695074	0.033950563	0.026337521	0.018344578	0.115928742	0.054596887	0.076087626	0.061872134	0.043931403	0.028618028	0.063508018	0.069517773	0.016969877	0.013877538	0.056055806	0.025437572	0.029840955	0.023015726	0.060150229	0.058459992	0.023408175
mash	0.034606162	0.021110147	0.019169537	0.069715708	0.042368007	0.005532759	0.017385271	0.043221956	0.027578565	0.026420925	0.11941911	0.048697145	0.069846101	0.061098558	0.040330719	0.030479959	0.061992893	0.070148619	0.023003996	0.010652678	0.052242816	0.021673759	0.031968478	0.019856597	0.06565658	0.058551303	0.019638277
mash	0.040131308	0.023329815	0.021682685	0.07376047	0.034439534	0.005509793	0.017586655	0.048161726	0.029496294	0.022876553	0.111493506	0.046067781	0.072602665	0.050330712	0.038291647	0.036121739	0.065180018	0.071787539	0.01977417	0.010021988	0.0568966	0.023596934	0.032749427	0.020586973	0.070677903	0.065606654	0.02358434
mash	0.03885553	0.02129502	0.023820083	0.068620049	0.044333548	0.006774339	0.015807171	0.044826622	0.029845991	0.020863857	0.112249913	0.043211709	0.079089038	0.050789558	0.038546052	0.030470021	0.064170345	0.068155709	0.026768956	0.011933019	0.056786156	0.022817594	0.038928376	0.021128736	0.060243525	0.061887816	0.020735587
mash	0.046873236	0.022046696	0.028174416	0.075543688	0.038774437	0.0072138	0.01676526	0.046285312	0.027826651	0.027700269	0.119537245	0.047852338	0.079032737	0.055689932	0.036719301	0.029381916	0.066463076	0.069384085	0.023103879	0.013415163	0.058534808	0.020434861	0.038408219	0.018191406	0.063766262	0.06466924	0.020295239
mash	0.040318684	0.024377774	0.023589341	0.068629798	0.032598602	0.00597814	0.013880151	0.04761306	0.028037248	0.024124235	0.121569617	0.059912588	0.081642069	0.047365117	0.033899777	0.033330624	0.062189166	0.063920801	0.016406079	0.013081758	0.059036971	0.019974919	0.033319243	0.022304893	0.057814418	0.067101021	0.021108704
mash	0.038952459	0.022729177	0.028904061	0.07601527	0.032524272	0.00635122	0.018651218	0.047235811	0.030815614	0.024685943	0.108721147	0.058256863	0.074891093	0.042642014	0.0335931	0.030096055	0.060127344	0.073406373	0.021118928	0.011858465	0.057346853	0.021067671	0.034187084	0.018344081	0.054909909	0.068664621	0.022104382
mash	0.041751563	0.030765866	0.026651872	0.072621767	0.040395007	0.002931762	0.017118548	0.049963731	0.025404537	0.017885207	0.115298323	0.059119976	0.081277198	0.055375462	0.037722986	0.031345151	0.069966189	0.070585234	0.019885375	0.010242942	0.064270795	0.021137455	0.030286801	0.023969136	0.068472544	0.057998968	0.019996898
mash	0.039903018	0.025766563	0.025127772	0.064525771	0.0408442	0.004898296	0.023617448	0.056526003	0.027224825	0.032472789	0.112119325	0.048391854	0.074657874	0.047020782	0.039553523	0.03414385	0.058464517	0.081133929	0.023423055	0.012076387	0.056886482	0.020242827	0.027747522	0.023463695	0.063641439	0.063355953	0.018909584
mash	0.035020067	0.021741383	0.027744759	0.068236268	0.037874427	0.006141085	0.022327875	0.046238244	0.028254981	0.027018496	0.11633933	0.040201053	0.075887852	0.053159626	0.042672298	0.030904257	0.057710865	0.062112533	0.022520254	0.012088185	0.057150805	0.018681583	0.032346646	0.021648926	0.072644857	0.049013101	0.019166146
mash	0.039995786	0.023723751	0.030118288	0.063948276	0.035695461	0.005873326	0.020011687	0.0434778	0.025558294	0.021920941	0.113901048	0.056701781	0.075046701	0.043052552	0.039882323	0.030662237	0.074884156	0.068167589	0.019499745	0.01227612	0.057664812	0.019759885	0.031336526	0.021073185	0.061832171	0.060723144	0.021170376
mash	0.033691047	0.022807793	0.033086649	0.063372505	0.039038759	0.005745772	0.019138557	0.037553868	0.027083614	0.021548427	0.1143637	0.052787077	0.076967198	0.053925074	0.037912282	0.036258821	0.06523596	0.07597983	0.015848485	0.010807784	0.056207361	0.020845904	0.030287814	0.020980493	0.068042946	0.06248416	0.023125792